0 0.2587108013937282 0.735202492211838 0.10975609756097561 0.4797507788161994
0 0.5627177700348432 0.7242990654205608 0.23693379790940766 0.514018691588785
0 0.6210801393728222 0.6261682242990654 0.19337979094076654 0.5295950155763239
0 0.85801393728223 0.5155763239875389 0.10278745644599303 0.32087227414330216
0 0.9825783972125436 0.4937694704049844 0.0313588850174216 0.24610591900311526
1 0.23606271777003485 0.2507788161993769 0.13763066202090593 0.12149532710280374
1 0.44686411149825783 0.06853582554517133 0.21777003484320556 0.11838006230529595
1 0.6541811846689896 0.08255451713395638 0.16550522648083624 0.14018691588785046
1 0.9372822299651568 0.2554517133956386 0.11149825783972125 0.11214953271028037
1 0.7804878048780488 0.19781931464174454 0.14634146341463414 0.1277258566978193
