 000017.jpg 0 47 68 94 137 1 156 129 313 258
 000022.jpg 1 150 90 300 180 0 34 93 69 186
 000261.jpg 2 202 125 404 250 2 175 108 350 216
 000455.jpg 0 44 88 89 177 1 187 113 375 227
 000812.jpg 2 138 81 277 162 0 105 150 211 300 0 31 22 62 44 0 22 12 44 24
 000930.jpg 0 79 88 159 176 2 103 64 206 129
 001183.jpg 1 54 59 108 118 1 105 117 211 235 0 29 78 59 156
 001370.jpg 2 73 141 146 283 2 51 134 102 269 0 99 203 199 406 0 67 181 135 363
 001579.jpg 2 108 99 216 198 2 144 93 288 187 0 77 135 155 271 0 63 161 127 322
 001988.jpg 2 161 172 323 344 0 95 163 191 326
